#   ex  d   sisdr_test
163 0.0 0.0 15.954
183 0.1 0.1 15.923
184 0.3 0.3 15.915
185 1.0 1.0 15.902
188 3.0 3.0 15.832
189 3.0 3.0 15.811
190 3.0 3.0 15.875
191 10  10  15.614
192 30  30  15.915
195 100 100 15.971
196 10  0.0 training failed
197 10  0.0 15.924
199 0.0 10  15.948
200 -10 0.0 15.862
201 0.0 -10 training failed
242 0.0 -10 16.019
243 0.0 -10 training failed
246 0.0 -10 15.848


b in D_b  =>  eval(m1, b) ~ N(15.9, 6)
b in D_b  =>  eval(m2, b) ~ N(15.8, 7)
T = {b1, .., bn} ~ D_b^n
n = 375
eval(m1, T) ~ N(15.9, 6/sqrt(n)) = N(15.9, 0.3^2)
eval(m2, T) ~ N(15.8, 7/sqrt(n)) = N(15.8, 0.35^2)
eval(m1, T) = eval(m2, T) + eps


after critical bug fix:
258 1e-2  0.0 0.0 12.915   4 epochs, since no progress
260 1e-3  0.0 0.0 12.915   6 epochs

plain sepdiff:
262 1e-3  2       12.806
plain sepformer:
267       -       12.839    audio totally fine
plain sepformer+diffusion:
272       -       -30.062
baseline:
274 1e-2  8 0.999   6   12.930
275 1e-1  8 0.999   1   -24.461
276 1e-3  8 0.999   1   12.853
292 1e-3  8 0.999   6   12.932
293 1e-2  4 0.9993  20  12.951
294 1e-3  8 0.999   6   12.916

bayesian exps (1e-3  8 0.999   6):
299   0.0   0.0   12.928
301   1.0   0.0   12.937
302   3.0   0.0   12.912
303   10.0  0.0   12.895
304   0.0   1.0   12.909
305   0.0   3.0   10.202
313   0.0   10.0  10.743
315   1.0   0.0   12.848
318   0.3   0.0   9.818
319   0.0   0.3   12.927
320   0.1   0.0   -23.924
321   0.0   0.1   12.915
327   0.3   0.0   12.926
328   0.1   0.0   12.939
330   -3.0  0.0   12.869
331   0.0   -1.0  12.887
338   0.0   -1.0  12.306
339   0.0   0.0   12.836  1 epoch only

bs 8->4 probably somewhere here, unfortunately this transition is not recorded

3sp exps (same hparams):
368   0.0   0.0   8.305   sounds good!
372   1.0   0.0   9.717
373   0.0   1.0   9.692
374   0.0   0.0   9.713
375   3.0   0.0   9.707
379   0.0   3.0   9.699
380   0.3   0.0   9.708
381   0.0   0.3   9.720
382   -1.0  0.0   9.704
384   0.0   -1.0  9.699
390   10.0  0.0   9.166
414   0.0   0.0   9.709   epoch len 3000->1500, gamma .99995, lr 3e-3
415   0.0   0.0   9.699   epoch len 500.
416   0.0 -10.0   9.650   epoch len 500
wtf why -10.. checkout back and rerun

5sp exps (3e-3  4 .99998  6 500):
429   0.0   0.0   -13.568

5sp sepformer only:
443               4.068

5sp exps (3e-3  4 .9994  3 1000):
449   0.0   0.0   4.305
451   1.0   0.0   4.297
(3e-3   1 .9991 3 2000)
                  sisdr pesq  stoi
513   0.0   0.0   4.283 1.193 0.428
514   1.0   0.0   4.268 1.185 0.426
515   0.0   1.0   4.285 1.189 0.428
516   0.0   3.0   4.295 1.190 0.428
517   3.0   0.0   4.282 1.188 0.427
520   10.0  0.0   4.280 1.190 0.428
543   0.0   10.0  4.256 1.187 0.428
550   -1.0  0.0   4.236 1.182 0.428
564   0.0   -1.0  4.260 1.183 0.428

awaiting for 3sp:  0.0   10.0  

5sp cont, new code from 10sp:
565   0.0   0.0   ~4, not waited till the end
585   0.0   0.0   ~4, now waited till the end
10sp!:
587   0.0   0.0   -4.251  1.115 0.506
588   1.0   0.0   -4.240  1.113 0.506
589   0.0   1.0   -4.218  1.113 0.508
590   3.0   0.0   -4.236  1.114 0.507
591   0.0   3.0   
