    lr0   ep  ep_len  gamma   sisdr_test
    1e-2  6   300     0.999   -6.378
    1e-3  1   3000    0.9999  -6.314
245 1e-4  6   3000    0.9999  -6.084  but plots clearly show steady training
finetuning 300k params:
247 1e-4  6   3000    0.9999  -5.639
249 1e-3  3   3000    0.999   -5.646
250 1e-3  6   3000    0.9999  -5.583
251 1e-2  6   3000    0.9999  -5.694
25. 1e-5  6   3000    tbd
finetuning all:
254 1e-2  3.5 3000    0.9999  -6.410
255 1e-3  6   3000    0.9999  -5.364
[in progress]

after the critical bug fix:
309 1e-3  6   3000    0.9999  -0.471
310 1e-2  6   3000    0.9999  -0.664
311 3e-3  6   3000    0.9999  -0.503
312 1e-4  6   3000    0.9999  -0.735
314 3e-4  6   3000    0.9999  -0.529
finetuning all:
316 1e-3  6   3000    0.9999  2.522
