    lr0   ep  ep_len  gamma   sisdr_test
5sp idk:
                    bs
452 1e-4  6   3000  4 0.9999  3.494
519 3e-4  1   3000  4 0.9999  1.357   just start of training, to check the code isn't ruined
539 3e-4  2   3000  1 0.9999  -6.506
540 3e-4  3   3000  1 0.9999  -6.485
541 3e-4  3   3000  4 0.9999  -5.218
542 3e-4  4   3000  4 0.9999  -5.177
after bugfix:
548 3e-4  6   3000  1 0.9999  3.193
551 3e-4  6   3000  4 0.9999  3.577
552 3e-4  6   3000  4 0.9999  3.894
this idk:
554 1e-3  6   3000  4 0.9999  2.973
but this surely for 10sp:
560 3e-4  6   3000  2 0.9999  -4.632
563 3e-4  12  3000  2 0.99995 -4.339
